Engine_L Engine_U Max_Vel_L Max_Vel_U Price_L Price_U
1370     1910     185       211       27806   33596  
1598     2492     200       227       41593   62291  
1970     2959     204       211       64499   88760  
5935     5935     298       306       260500  460000
1595     1781     189       238       40230   68838  
1781     4172     216       250       68216   140205 
2771     4172     232       250       123849  171417
1796     2979     201       247       45407   76392  
2171     4398     226       250       70292   198792 
2793     5397     228       240       104892  276792
3586     5474     295       298       240292  391692
1242     1910     155       170       19229   30885  
1242     1753     155       170       19242   24742  
1596     1753     185       193       27492   34092  
2977     3179     260       270       205242  215242
5992     5992     335       335       413000  423000
1242     1242     158       174       19837   29034  
1998     2959     212       220       58806   81306  
3217     3217     280       290       155000  159500
2799     5987     232       250       132800  262500
1998     3199     210       250       55902   115248 
1998     5439     222       250       69243   389405 
3199     5786     210       240       128202  394342
998      1348     150       164       18492   24192  
973      1796     155       202       19212   30612  
1598     2171     193       207       36492   49092  
3387     3600     280       305       147704  246412
1149     1149     151       168       16992   23492  
1119     1994     160       185       21492   33042  
1796     2497     195       210       50490   65399  
1397     1896     157       183       19519   32686  
1585     1896     190       191       27419   48679  
1595     2496     192       220       39676   63455  