write(criterio1, "", sep = ",", ncol = length(criterio1))
write(criterio2, "", sep = ",", ncol = length(criterio2))
write(criterio3, "", sep = ",", ncol = length(criterio3))
write(criterio4, "", sep = ",", ncol = length(criterio4))

#IEM(x, tipoMatriz = 3, numRep = 3, plot = FALSE)
#IKFCM(x, c = 2, m = 0.1, maxRep = 20, monteCarlo = 3)	
#IKEM(x, maxRep = 5, kernelType = 0, D = 10, plot = FALSE, numRep = 1)
#IKEMIS(x, repPerIteration = 50, plot = FALSE, iterations = 10)

#temperatura
IEM_temperatura     = c(0.5166667,0.5166667,0.5166667,0.5166667,0.5166667,0.5166667,0.5166667,0.5166667,0.5166667,0.5166667,0.5166667,0.5166667,0.5166667,0.5166667,0.5166667,0.5166667,0.5166667,0.5166667,0.5166667,0.5166667,0.5166667,0.5166667,0.5166667,0.5166667,0.5166667,0.5166667,0.5166667,0.5166667,0.5166667,0.5166667,0.5166667,0.5166667,0.5166667,0.5166667,0.5166667,0.5166667,0.5166667,0.51,0.5166667,0.5166667,0.5166667,0.5166667,0.5166667,0.5166667,0.5166667,0.5166667,0.5166667,0.5166667,0.5166667,0.5166667,0.5166667,0.5166667,0.5433333,0.51,0.51,0.5166667,0.5433333,0.5166667,0.5166667,0.5166667,0.5166667,0.5166667,0.5166667,0.5166667,0.5166667,0.5166667,0.5166667,0.5166667,0.5166667,0.5166667,0.5166667,0.5166667,0.5166667,0.5166667,0.5166667,0.5166667,0.5166667,0.5166667,0.5166667,0.51,0.5166667,0.5166667,0.5166667,0.5166667,0.5166667,0.5166667,0.5166667,0.5166667,0.5166667,0.5166667,0.51,0.51,0.5166667,0.51,0.5166667,0.5166667,0.5166667,0.5166667,0.5166667,0.5166667)
IKFCM_temperatura   = c(0.5633333,0.5533333,0.5533333,0.5533333,0.5533333,0.5633333,0.5633333,0.5633333,0.5633333,0.5533333,0.5633333,0.5533333,0.5533333,0.5533333,0.5633333,0.5533333,0.5633333,0.5533333,0.5533333,0.5533333,0.5633333,0.5633333,0.5533333,0.5633333,0.5633333,0.5533333,0.5633333,0.5533333,0.5533333,0.5533333,0.5633333,0.5533333,0.5633333,0.5533333,0.5633333,0.5533333,0.5533333,0.5633333,0.5633333,0.5633333,0.5533333,0.5633333,0.5633333,0.5533333,0.5633333,0.5633333,0.5533333,0.5633333,0.5533333,0.5533333,0.5633333,0.5633333,0.5533333,0.5533333,0.5533333,0.5533333,0.5533333,0.5633333,0.5533333,0.5533333,0.5633333,0.5533333,0.5633333,0.5633333,0.5533333,0.5533333,0.5533333,0.5633333,0.5533333,0.5533333,0.5633333,0.5633333,0.5533333,0.5633333,0.5533333,0.5533333,0.5633333,0.5633333,0.5633333,0.5533333,0.5533333,0.5533333,0.5633333,0.5633333,0.5533333,0.5533333,0.5533333,0.5533333,0.5533333,0.5633333,0.5533333,0.5633333,0.5633333,0.5633333,0.5633333,0.5633333,0.5533333,0.5533333,0.5633333,0.5533333)
IKEM_temperatura    = c(0.59,0.6033333,0.6266667,0.5266667,0.5566667,0.5766667,0.6033333,0.6033333,0.5966667,0.52,0.6033333,0.7033333,0.7033333,0.7033333,0.7033333,0.5533333,0.5566667,0.6033333,0.6633333,0.59,0.58,0.6266667,0.6566667,0.5533333,0.5766667,0.63,0.6566667,0.6333333,0.6033333,0.6033333,0.6266667,0.58,0.62,0.59,0.6033333,0.7033333,0.6566667,0.58,0.59,0.6566667,0.5566667,0.6033333,0.5416667,0.6633333,0.62,0.6266667,0.5966667,0.57,0.5766667,0.5966667,0.5966667,0.5416667,0.5633333,0.55,0.6033333,0.64,0.6033333,0.58,0.7033333,0.55,0.7233333,0.6666667,0.6566667,0.62,0.5766667,0.5866667,0.5533333,0.59,0.58,0.5566667,0.6266667,0.6033333,0.64,0.7033333,0.5266667,0.6066667,0.5533333,0.5416667,0.6633333,0.58,0.5866667,0.58,0.5566667,0.53,0.5966667,0.6033333,0.6633333,0.6033333,0.58,0.6033333,0.58,0.62,0.6666667,0.7033333,0.6033333,0.51,0.5866667,0.51,0.59,0.5266667)
IKEM_IS_temperatura = c(0.55,0.525,0.54,0.52,0.525,0.525,0.525,0.55,0.525,0.5566667,0.525,0.525,0.5566667,0.525,0.55,0.525,0.525,0.55,0.525,0.6633333,0.525,0.525,0.525,0.525,0.55,0.5366667,0.55,0.525,0.55,0.52,0.52,0.525,0.525,0.525,0.525,0.52,0.525,0.5566667,0.525,0.55,0.525,0.6633333,0.525,0.525,0.55,0.525,0.5566667,0.525,0.525,0.5566667,0.5566667,0.54,0.525,0.525,0.6933333,0.525,0.54,0.68,0.5366667,0.525,0.525,0.525,0.55,0.55,0.5566667,0.55,0.55,0.525,0.55,0.55,0.525,0.68,0.52,0.525,0.52,0.525,0.525,0.525,0.525,0.525,0.525,0.55,0.52,0.525,0.525,0.525,0.55,0.68,0.525,0.6633333,0.5566667,0.525,0.525,0.52,0.525,0.52,0.525,0.525,0.525,0.52)

mean(IEM_temperatura) 
mean(IKFCM_temperatura)
mean(IKEM_temperatura) 
mean(IKEM_IS_temperatura) 

var(IEM_temperatura) 
var(IKFCM_temperatura)
var(IKEM_temperatura) 
var(IKEM_IS_temperatura) 


#agaricus
IEM_agaricus     = c(0.575,0.625,0.725,0.7375,0.725,0.74375,0.75,0.74375,0.675,0.5,0.75,0.625,0.5,0.625,0.7375,0.7,0.75,0.7375,0.675,0.5125,0.74375,0.75,0.55,0.6125,0.75,0.53125,0.675,0.75,0.7375,0.625,0.75,0.625,0.725,0.725,0.675,0.75,0.4875,0.575,0.5,0.74375,0.5,0.75,0.75,0.725,0.725,0.7,0.675,0.4875,0.5125,0.5125,0.75,0.725,0.675,0.725,0.725,0.75,0.725,0.575,0.7375,0.7875,0.75,0.75,0.725,0.75,0.625,0.74375,0.7375,0.75,0.625,0.725,0.675,0.725,0.6125,0.4875,0.7625,0.725,0.525,0.5,0.6125,0.725,0.625,0.625,0.5125,0.675,0.425,0.51875,0.625,0.75,0.425,0.625,0.7625,0.7625,0.75,0.675,0.75,0.6125,0.675,0.74375,0.675,0.74375)
IKFCM_agaricus   = c(0.6625,0.5,0.5,0.55,0.5125,0.6125,0.5875,0.5625,0.6125,0.5,0.6125,0.5875,0.5875,0.5875,0.6125,0.5,0.5875,0.5875,0.5,0.5875,0.5125,0.7875,0.65,0.6125,0.5,0.6625,0.6125,0.6125,0.5,0.6125,0.6125,0.7875,0.5,0.5,0.5,0.5875,0.6625,0.6125,0.6125,0.5625,0.6125,0.5125,0.6,0.5,0.5,0.6125,0.65,0.5125,0.5,0.6125,0.6125,0.5,0.5,0.5,0.6625,0.6625,0.6125,0.5125,0.5,0.6125,0.5,0.5,0.5,0.5625,0.5,0.6125,0.5,0.5,0.5,0.6125,0.5,0.5,0.5,0.6125,0.6625,0.65,0.6125,0.5,0.6625,0.5,0.6125,0.5,0.5,0.6125,0.6625,0.5875,0.5125,0.5,0.5,0.6125,0.5125,0.5,0.6,0.6625,0.6125,0.5,0.5875,0.5,0.6125,0.6125)
IKEM_agaricus    = c(0.5625,0.575,0.6375,0.84375,0.9,0.8625,0.5375,0.6875,0.6,0.5375,0.6375,0.575,0.5,0.575,0.5625,0.6,0.5125,0.525,0.5125,0.9,0.525,0.6375,0.85,0.55,0.6375,0.5,0.8625,0.525,0.8125,0.675,0.875,0.525,0.5125,0.675,0.8875,0.825,0.5,0.525,0.7,0.675,0.5,0.7625,0.875,0.6375,0.8125,0.7125,0.7,0.5375,0.8875,0.7125,0.85,0.875,0.85,0.65,0.775,0.55,0.875,0.625,0.9,0.5625,0.55,0.5125,0.55,0.5125,0.5625,0.875,0.8875,0.55625,0.6375,0.725,0.7,0.7,0.775,0.6875,0.8625,0.5,0.7625,0.9,0.5625,0.875,0.575,0.55,0.7,0.9,0.55,0.55,0.7,0.6375,0.7,0.5625,0.7125,0.8625,0.65,0.5875,0.85,0.5125,0.85,0.675,0.675,0.65)
IKEM_IS_agaricus = c(0.55,0.55,0.5875,0.55,0.55,0.55,0.55,0.5875,0.5875,0.525,0.55,0.5875,0.55,0.55,0.55,0.55,0.55,0.55,0.55,0.55,0.55,0.525,0.5875,0.55,0.5875,0.55,0.55,0.55,0.5875,0.55,0.5875,0.55,0.5875,0.525,0.55,0.55,0.55,0.55,0.5875,0.55,0.55,0.5875,0.55,0.55,0.5875,0.55,0.55,0.5875,0.55,0.55,0.5875,0.5875,0.55,0.55,0.5875,0.55,0.5875,0.5875,0.5875,0.5875,0.55,0.55,0.55,0.55,0.55,0.55,0.55,0.5875,0.55,0.55,0.55,0.55,0.55,0.55,0.5875,0.55,0.5875,0.55,0.55,0.55,0.55,0.55,0.5875,0.5875,0.55,0.55,0.5875,0.55,0.5875,0.55,0.5875,0.55,0.55,0.5875,0.55,0.55,0.5875,0.55,0.5875,0.55)

mean(IEM_agaricus) 
mean(IKFCM_agaricus)
mean(IKEM_agaricus) 
mean(IKEM_IS_agaricus) 

var(IEM_agaricus) 
var(IKFCM_agaricus)
var(IKEM_agaricus) 
var(IKEM_IS_agaricus) 


#carros
IEM_carros     = c(0.8714286,0.8714286,0.9642857,0.9678571,0.8714286,0.9642857,0.9642857,0.9642857,0.9642857,0.9642857,0.9678571,0.9678571,0.9678571,0.9642857,0.9678571,0.9642857,0.9642857,0.9642857,0.9642857,0.8714286,0.9678571,0.8714286,0.8714286,0.9678571,0.9642857,0.9642857,0.8714286,0.8571429,0.9642857,0.9642857,0.9642857,0.9642857,0.9642857,0.9642857,0.9642857,0.9642857,0.9678571,0.9678571,0.9642857,0.9678571,0.9642857,0.9642857,0.9642857,0.9678571,0.9642857,0.9678571,0.8714286,0.9642857,0.8714286,0.8571429,0.9642857,0.9642857,0.9642857,0.9642857,0.8714286,0.9642857,0.9642857,0.9678571,0.9678571,0.9678571,0.9642857,0.9642857,0.9642857,0.9642857,0.8714286,0.9678571,0.9642857,0.9642857,0.9642857,0.9678571,0.8714286,0.9642857,0.9678571,0.9678571,0.9678571,0.9642857,0.9642857,0.9678571,0.8714286,0.9678571,0.9642857,0.9642857,0.9678571,0.9678571,0.9642857,0.9642857,0.9678571,0.9642857,0.9642857,0.9642857,0.8714286,0.9642857,0.8714286,0.9642857,0.9678571,0.9678571,0.9678571,0.8714286,0.9642857,0.9678571)
IKFCM_carros   = c(0.9071429,0.9071429,0.9142857,0.9071429,0.9071429,0.9142857,0.9071429,0.9071429,0.9071429,0.9071429,0.9071429,0.9142857,0.9071429,0.9071429,0.9071429,0.9071429,0.9071429,0.9071429,0.9071429,0.9071429,0.9071429,0.9071429,0.9142857,0.9142857,0.9071429,0.9071429,0.9071429,0.9142857,0.9142857,0.9142857,0.9071429,0.9071429,0.9071429,0.9071429,0.9071429,0.9071429,0.9071429,0.9071429,0.9071429,0.9071429,0.9071429,0.9071429,0.9071429,0.9142857,0.9071429,0.9071429,0.9071429,0.9071429,0.9071429,0.9071429,0.9071429,0.9142857,0.9071429,0.9071429,0.9142857,0.9142857,0.9071429,0.9071429,0.9142857,0.9071429,0.9071429,0.9142857,0.9071429,0.9071429,0.9142857,0.9142857,0.9071429,0.9071429,0.9142857,0.9071429,0.9071429,0.9071429,0.9071429,0.9142857,0.9071429,0.9071429,0.9071429,0.9142857,0.9071429,0.9071429,0.9142857,0.9071429,0.9142857,0.9142857,0.9071429,0.9142857,0.9142857,0.9071429,0.9071429,0.9071429,0.9142857,0.9071429,0.9071429,0.9071429,0.9071429,0.9142857,0.9071429,0.9071429,0.9071429,0.9071429)
IKEM_carros    = c(0.9071429,0.9214286,0.9071429,0.9071429,0.9142857,0.9071429,0.9071429,0.9142857,0.9142857,0.9071429,0.9071429,0.9142857,0.75,0.9071429,0.9071429,0.9071429,0.9071429,0.9071429,0.9214286,0.9214286,0.9142857,0.9071429,0.9071429,0.9071429,0.9071429,0.9071429,0.9071429,0.75,0.9071429,0.9071429,0.75,0.9071429,0.9071429,0.9071429,0.9071429,0.9071429,0.8642857,0.9071429,0.9071429,0.9071429,0.9071429,0.9071429,0.7428571,0.9142857,0.9071429,0.9071429,0.75,0.9214286,0.9071429,0.9142857,0.9071429,0.9142857,0.9142857,0.9071429,0.9071429,0.9071429,0.9,0.9142857,0.9142857,0.9071429,0.9071429,0.9,0.9071429,0.9071429,0.9142857,0.9214286,0.9071429,0.9071429,0.9214286,0.8642857,0.9071429,0.9071429,0.9142857,0.9071429,0.9142857,0.9142857,0.9071429,0.9,0.9071429,0.9071429,0.9071429,0.8642857,0.9071429,0.9071429,0.9214286,0.8642857,0.9071429,0.9142857,0.9142857,0.9142857,0.9142857,0.9142857,0.9071429,0.9071429,0.9142857,0.9071429,0.9071429,0.9071429,0.9071429,0.75)
IKEM_IS_carros = c(0.9214286,0.9214286,0.7285714,0.6071429,0.9071429,0.6071429,0.9214286,0.9285714,0.9285714,0.9214286,0.9214286,0.9214286,0.9214286,0.9071429,0.9285714,0.9071429,0.6071429,0.6071429,0.9285714,0.9214286,0.9285714,0.9285714,0.7285714,0.9285714,0.9214286,0.9071429,0.7285714,0.9071429,0.6071429,0.9214286,0.9071429,0.9214286,0.9285714,0.9071429,0.9071429,0.9214286,0.9214286,0.6071429,0.9214286,0.6071429,0.6071429,0.9214286,0.9214286,0.9214286,0.9214286,0.9285714,0.9214286,0.9214286,0.6071429,0.9285714,0.9071429,0.9285714,0.9214286,0.6071429,0.7285714,0.9285714,0.9214286,0.9214286,0.9285714,0.9285714,0.9071429,0.9214286,0.9285714,0.9285714,0.7285714,0.9285714,0.9214286,0.6071429,0.9214286,0.9071429,0.9214286,0.9285714,0.9285714,0.9214286,0.9285714,0.6071429,0.6071429,0.9214286,0.9214286,0.9071429,0.9214286,0.9214286,0.6071429,0.6071429,0.9285714,0.9214286,0.9285714,0.9214286,0.9071429,0.9214286,0.9285714,0.7285714,0.6071429,0.6071429,0.7285714,0.9071429,0.9285714,0.9285714,0.9071429,0.6071429)

mean(IEM_carros) 
mean(IKFCM_carros)
mean(IKEM_carros) 
mean(IKEM_IS_carros) 

var(IEM_carros) 
var(IKFCM_carros)
var(IKEM_carros) 
var(IKEM_IS_carros) 


friedman.test(cbind( IEM_agaricus, IKFCM_agaricus, IKEM_agaricus, IKEM_IS_agaricus)) #  1.03e-15
friedman.test(cbind( IEM_temperatura, IKFCM_temperatura, IKEM_temperatura, IKEM_IS_temperatura)) # < 2.2e-16
friedman.test(cbind( IEM_carros, IKFCM_carros, IKEM_carros, IKEM_IS_carros)) # < 2.2e-16


wilcox.test(IKEM_IS_agaricus, IEM_agaricus, paired = TRUE, alternative = "greater") # 1
wilcox.test(IKEM_IS_agaricus, IKFCM_agaricus, paired = TRUE, alternative = "greater") # 0.7427
wilcox.test(IKEM_IS_agaricus, IKEM_agaricus, paired = TRUE, alternative = "greater") # 1

wilcox.test(IKEM_IS_temperatura, IEM_temperatura, paired = TRUE, alternative = "greater") # < 2.2e-16
wilcox.test(IKEM_IS_temperatura, IKFCM_temperatura, paired = TRUE, alternative = "greater") # 1
wilcox.test(IKEM_IS_temperatura, IKEM_temperatura, paired = TRUE, alternative = "greater") # 1

wilcox.test(IKEM_IS_carros, IEM_carros, paired = TRUE, alternative = "greater") # 1
wilcox.test(IKEM_IS_carros, IKFCM_carros, paired = TRUE, alternative = "greater") # 0.4398
wilcox.test(IKEM_IS_carros, IKEM_carros, paired = TRUE, alternative = "greater") # 5.194e-08
