x_lower, x_upper, y_lower, y_upper
324,329.26493779763365,245.22953282362272,253
324,334.5864373870243,227.19898200064515,237
329,336.78176388091396,237.89214523901163,246
329,341.0647632068921,231.0746827407389,246
329,339.9978064183339,233.88463397749337,246
329,339.6149680271013,226.6914915587725,240
330,339.52458462053386,226.83251918244747,238
333,339.1200021817219,226.22577753711704,238
334,346.77075194462685,228.26189460798835,238
336,345.4796886921975,230.27125602387807,238
338,343.1503954103593,230.69896682530361,238
340,348.88697705438403,232.4976404735948,244
336,342.3533611743595,246.430778279859,256
331,341.1716777339174,239.6383823054301,254
347,361.3288857568493,244.43961623787249,253
344,349.90701176295875,242.82921287326462,254
340,351.5016151938727,240.55195795920835,254
346,352.04819991005036,233.15464057520242,246
350,355.6108850172562,237.30366256389797,248
333,345.6713732089969,221.18823337543938,228
339,351.37815772127595,220.6194287558104,229
344,349.8222204197993,220.9787297806991,231
345,359.38329395050033,224.2091922008143,237
352,364.9181892512576,227.9391380398449,240
353,361.72851061681445,221.5557383375717,235
350,363.01417387344696,222.44752300917256,232
347,357.9127627746293,214.7599308748192,229
341,349.0449533829626,218.81624980130857,228
334,344.9807508966759,217.14057492286017,230
328,334.61122558675805,221.77909710884603,234
325,332.4606589126788,231.90162087637574,241
325,334.0058031986266,232.96983153008244,245
324,329.5097398164225,241.30187116567132,251
322,328.95684675853533,230.2675738815501,240
324,335.1010452700926,221.38149525378168,230
333,339.0888569224234,217.42445226882157,228
351,362.35794659384936,230.07250145168192,238
348,355.93692397090905,237.39303226201721,248
339,349.7716078232786,241.8813782060032,248
335,342.76815145876736,237.8885225730379,247
329,342.4938056288558,238.5335830502721,245
340,352.7914420750233,225.23493143251605,240
343,357.358937469852,229.41409839855916,241
347,354.60197940312133,229.23430045145813,238
346,357.56386433172247,224.19130837115986,233
339,345.73954552656045,219.39375440125463,233
335,341.16735165612766,224.62173731017086,233
329,342.7752326198663,223.38278886166518,234
323,332.8561421694851,236.50753916803166,244
323,330.229906688336,241.49151839013416,252
320,328.8271389731805,231.45324921338192,242
335,346.053239062098,238.5342931277936,246
351,357.20487633986994,236.64095941236283,242
353,358.59598672284017,229.38878704656582,241
356,367.33766404464154,236.12221199692823,245
356,370.851678327962,236.8958846148621,250
351,364.91696701423655,241.95957518177696,254
347,360.8117181782613,243.28073239751163,257
340,352.40724654729695,250.0215489997078,260
326,335.7683421114178,246.15535679644512,254
330,336.49793245468817,253.6216792637619,260
333,344.9742265874162,244.69698587182074,259
334,343.2928328368028,243.00460691641177,251
337,349.23192766656814,238.4322763058933,247
345,355.5603609270416,241.29206833102415,247
347,354.50380545178655,237.28913379037294,245
352,357.21071433483496,226.87974811908532,233
356,363.4884192533786,228.7755746831276,239
356,363.09901920691004,231.48253110766356,240
188,195.45391858148432,41.79776545082151,55
199,204.5439978461786,55.688103413315375,66
210,217.32151065972053,64.54970301799072,78
189,202.89058505508524,71.12015894846934,84
200,210.0185017040237,83.30821140467589,96
217,231.10034877602212,100.60820593346865,112
201,206.20791789065402,107.07213196307418,122
190,200.5389230111035,115.81205912328214,127
213,219.02811687546955,121.88957555140806,131
221,235.68669376105723,131.0592855071127,146
194,200.29158845491142,143.06963062804851,155
208,217.97285447643873,162.80671797501645,172
238,247.41679302432746,170.4077994349993,177
220,233.77964038077033,201.01183385291554,209
217,228.9314910819972,195.75106446257587,210
252,260.24261312192033,182.24275455986339,195
247,261.63779034319685,209.35355598993178,218
240,254.48331055322035,198.99089246636504,209
262,272.6125152118262,194.36857328466684,204
255,266.1170365834158,221.35692165296788,231
245,254.91612598832043,228.11834582793753,236
273,282.261862460948,196.77623216793677,206
278,289.5306706913455,234.72878029796232,241
267,277.85092563485443,228.15721781767485,240
284,294.0364440360841,213.79089783467234,227
297,309.5887125421439,250.1374032195235,260
287,295.4878329824002,229.74342005225057,244
299,304.3155167312635,222.63820542585765,230
316,329.4685478897791,231.75802309996203,240
316,325.04925102649975,257.78227990934323,271
333,342.0828251250203,264.96404561673916,271
357,363.2194752041331,258.30441739673967,264
364,375.81965261921505,233.72572032123907,239
378,383.20602275006223,236.73983639009128,243
379,388.1909625456181,256.46094397294837,263
370,377.43038820033547,239.3391379005234,253
386,393.4392731382192,232.99615338332083,242
401,414.78708630233666,258.59359113832306,264
394,406.132158801722,251.06910681035018,260
417,430.52136153780225,227.67887117380343,239
430,444.57001303947743,240.53859800216568,253
417,427.5323335473479,245.39354709670192,260
427,438.20684499189406,230.03208759588847,240
448,461.5157477921275,216.0176280281683,228
472,479.79216221454436,217.8876372309693,224
477,482.9587827454842,226.50950794218167,237
451,457.1200375462522,240.4146233384345,249
448,456.2677944408022,220.30519273854173,233
472,484.05871286321167,194.67131459852612,204
485,493.7695592428076,200.78651862121993,206
481,489.25293322185723,233.0172875288489,245
479,488.06138528477777,220.4843888724759,228
496,504.0585283449388,174.42636360348166,187
503,508.77195152684897,174.59627893630395,186
473,483.0489924365875,233.22777984949724,243
419,433.0535891535158,259.0017420423561,266
389,403.17181357927586,259.564949987367,270
478,487.8721076373986,227.4085451772561,237
504,518.7979831738036,188.80376123511374,199
409,415.75768302662675,268.51252486258477,277
324,336.5125139244048,255.89910492305242,266
258,264.86579773218597,203.74536016760743,216
227,237.33999206004262,238.1699072037745,249
197,207.9573168037908,168.46987092806532,178
195,209.27248842881409,80.3570932271509,95
192,203.43968743213276,29.89245072708262,36
184,196.1112862189747,19.669424988687055,25
215,229.27230278859804,24.19838306093187,32
208,217.19897444096546,85.37855191335848,96
240,247.56371574719964,140.18666321191867,153
243,253.44997099221507,193.85142413134028,206
277,290.5236998196701,237.0897919323171,246
315,324.43560343361986,226.63915438859058,234
359,367.5724022029467,232.8326019289386,242
348,355.6402332342726,251.18452464796394,258
327,340.69687397405096,249.21315946177597,256
322,330.1887877007971,219.33799363780065,230
321,326.40159624038796,236.70325988545846,244
320,326.056349882093,241.8662738830969,247
319,332.6204171380861,244.42086311368197,252
319,332.01247434849546,246.25967364428058,255
325,335.01107371589717,251.53459422987297,263
336,349.5935714429501,255.30592956319666,267
349,361.07521600035807,257.5349470361194,267
357,364.1029751322918,245.7916963074806,258
360,370.25815010391807,231.2461434468891,246
361,368.9729308088585,223.33398118385827,237
358,371.7353306207667,215.15555622466562,230
346,352.20714784749225,213.7950067645118,228
330,338.04613172528394,221.20648206453822,235
320,325.26636548736707,244.68902214711164,250
317,330.58527197948354,254.99268045294122,260
321,329.1547055438066,252.4678550533084,267
330,341.14418397876466,264.8841491744487,271
343,349.2623472536901,254.54877182604497,269
351,357.0718397515014,248.4692317668772,257
357,367.81210177691395,236.7569985723658,244
362,368.81688001273534,235.15569027008263,250
357,367.7607403520539,249.7872735337031,263
349,355.1250518216655,258.1345486455677,269
334,341.1772924042963,260.12785891111645,271
318,326.86314036090886,247.6256447982162,262
316,321.2930839840327,236.11340540699234,246
328,337.98094210328463,218.1520992287607,232
342,348.2197240206807,219.65448385994313,232
355,367.1937762183819,227.81385164700293,239
358,369.91125655168264,244.73145393447285,256
336,347.7344433568321,252.15782318176645,267
324,331.2139035656658,254.70406797202557,265
317,324.3323144470924,251.4315101334165,262
314,319.7145968265141,242.71976320365505,251
316,321.08068532122286,234.67088976687887,241