x_lower, x_upper, y_lower, y_upper
204,213.07566703414656,249.04839700234382,258
202,210.2377653011223,245.9016202133405,254
208,217.97873722827123,243.44750115096022,254
208,220.8312136640613,253.08383472841442,259
204,216.8379029058555,239.75254985943644,253
205,210.24199843521654,238.00255462491168,252
206,213.27546972831703,242.79882256031698,249
205,219.5196520505553,234.31781965752512,247
201,213.93189046876063,235.08703864447338,249
212,218.45381311117225,238.45266958135065,248
211,218.00967673272154,243.15561886044625,255
211,219.62881684096723,238.95885180409144,251
210,221.62936887751363,235.4862709126424,248
207,220.23358383652638,233.7936965525683,248
205,216.29887276452854,239.75786788001966,245
200,207.4286390484858,242.28250758969688,249
201,214.62290702994335,247.20523360995094,253
201,213.81261120685932,241.94426919490388,254
201,213.90915029362333,254.25958842142717,261
204,211.79407868906333,248.76834309459514,263
209,223.41294279134416,247.55216660376493,261
213,219.14093809640227,252.21456309974977,258
204,212.71108155363132,235.81293175526025,246
199,204.96328981675063,250.3909795315464,259
198,203.16514926460508,244.7812081967368,253
198,210.17965296423276,236.88381772502674,250
202,212.149168336056,238.27885423484923,247
208,215.9235527812035,234.2129826980422,246
214,224.10303498507477,238.3795166251851,248
215,221.43246033161648,239.6976982638985,254
215,223.64843900258666,249.45537629487225,257
211,224.30960520673787,248.56316886000639,263
211,222.3266516815132,250.13594857815315,264
211,223.77503907459945,243.57946032308365,256
212,219.76921772279934,245.9935457001538,253
214,225.65376637147187,253.88995488065098,259
205,214.22854771770153,252.2074446062277,261
201,214.18541392682164,254.17621560533902,261
199,209.44074945658485,243.29399164309245,254
202,213.29964268731732,238.99960320823305,252
206,211.90483540618564,238.70346076846178,252
208,217.63534802275626,237.52056217836707,252
507,521.420974754961,246.75921239092452,258
506,519.2856096126517,252.42526001874668,258
502,508.804556704663,245.35794555004063,255
503,513.0048955812711,244.40977220469188,250
506,512.5031829572041,238.67342718748898,248
510,516.1827472384283,257.6467334845264,263
508,519.1290744715616,243.54154352984258,258
509,517.9883968855395,250.4874330228123,256
508,513.4019480851796,241.16802131555247,251
511,519.0972923211027,235.56779281495145,245
515,523.9226314126287,238.26067582384215,246
515,521.7708709296021,246.80515491210485,253
517,522.6316791953132,237.36937156253165,250
515,520.0903978242534,239.02608913509332,250
513,522.6587385067846,254.9741287189925,261
517,525.7568309940552,253.8371091692615,261
517,522.7307617083494,250.39872133484062,259
511,519.1820402909278,244.71226342751885,258
512,521.2772369567987,246.44182053864765,254
512,525.7364380694129,244.90220317958529,253
512,517.601658979225,245.50117403029188,252
507,516.1044598114769,236.05857929885974,249
503,508.8253929803073,240.26414681131965,249
507,515.171788426457,240.3495366264327,248
511,523.9018273735147,232.9565352291474,246
514,522.4628250892079,243.15769631751002,249
511,524.4752608435518,241.05636391099284,247
507,514.4533021469892,240.5459320199227,253
504,513.2547864745055,234.23916839421332,248
504,510.3133711355673,242.86359254477196,252
507,519.6471381852006,229.92262942465123,243
515,522.8035960076048,228.6404012755452,243
522,532.9140896064815,233.98779304706548,246
522,528.6433165360364,239.35854150053757,251
517,529.7455419546442,243.7531056126977,256
520,530.4439460298616,245.8846246339403,253
520,534.074273387994,238.19991828777654,250
515,521.447565685022,232.98397309844393,247
523,532.0740879241883,237.92839906070097,252
519,528.4060338308561,240.3596464543639,255
520,528.657223246097,251.73083216482183,259
521,527.760228073974,256.3354545434391,262
520,527.4246293601453,252.83282127105082,258
520,527.7488380785302,243.07946926416122,249
514,526.9894434720518,229.97093145750688,244
521,531.8836430229803,239.56312577401758,246
522,534.3816545830285,233.92650630558535,248
516,530.0946009933084,235.71543028671707,245
518,526.433074058899,230.28600858589348,245
519,527.2772000844401,238.80631955728805,245
521,530.8968983074113,235.31486475643635,249
517,526.0344205170663,242.79325134880898,255
511,517.8813742637805,248.78259344158943,258
507,514.6249898671354,241.37564887446828,251
511,518.8643761121683,233.24095195287015,247
518,528.8262204939514,240.2551300060914,254
509,518.0960670936087,254.9602736676077,263
268,280.41562054161454,337.6333427643117,348
270,279.91470714278745,288.9561900201504,300
268,279.21763052168416,284.6900400911973,292
276,281.2985276964759,311.61127464359885,324
253,262.0776131259864,297.4646786258819,307
282,294.5714793410728,278.1742892825329,286
286,299.42437575933525,332.1813308992889,338
245,255.32708546397063,282.4532324193678,293
229,239.25071442549708,242.8833824326659,248
242,255.51893977346438,212.8298402944955,223
277,288.5032076235173,239.84746250648578,247
246,253.63369404507645,217.46556504404828,229
281,287.7360047013915,248.58271488761423,261
255,264.6474714487581,225.80263443052164,235
281,293.2036251359829,218.7636400696733,232
243,251.49873450435956,243.28967136894317,250
262,267.95485489209574,184.54377459221217,190
284,297.8475536661503,206.2850010083475,218
272,286.6066205885378,178.49465457959602,186
280,288.31813928206003,200.68818345646974,215
282,294.66916616604885,143.07387200987299,156
290,298.1470652394166,185.01036001442685,195
316,327.19896646166575,152.79615768768656,166
298,307.95539379864164,161.51450973940294,168
318,330.0446635369008,173.20100433346136,181
324,331.0508305954936,153.89920644331053,166
313,327.5154916807836,195.63760837319256,209
326,340.01445148271983,180.29598928993,186
312,324.82205057656694,202.26204368991694,209
312,320.14418547729247,231.21411231016265,245
317,328.5057768678725,208.03549143115887,221
297,306.73933963277636,231.22723947665074,244
289,301.0613594803678,263.2312986718656,269
299,309.05863920079065,281.2273333728594,291
296,301.05035287669693,254.39702893845853,263
319,328.6940724351091,293.07896712594066,302
300,305.1792526022396,325.0766582915981,337
326,336.54379567693775,313.0814046707693,327
309,321.3721598012032,265.01817762210686,277
356,365.45354154120105,304.8958082857174,317
318,327.97412591160474,318.112722900206,327
370,381.5212270357628,316.1074800553801,328
340,352.71614340923503,297.6824743173449,306
342,354.26352338128237,333.25990444027724,343
368,381.27944498851275,327.65967385409334,340
321,335.4746273385546,327.104619463482,338
388,402.4115094080688,332.1152660018102,342
381,387.4445715055381,302.27405968871034,309
417,426.1726000848619,315.94350625631205,323
427,439.50524764869675,316.37002577517944,329
386,394.6581851195764,300.4750048297509,314
456,462.7997476138452,300.5906451388196,307
467,478.8974682063614,283.2753068662477,296
492,498.5455972959704,323.2383972804647,337
469,476.7072578187673,301.11467134971514,309
452,465.87923967371466,331.27146077061354,339
452,462.8212701205001,283.0658368888713,295
491,498.23141434328386,310.35129437591183,320
476,485.22444306110015,251.17077394758425,259
502,516.8862974305439,284.3394742940427,295
477,490.9988307211612,266.3825368076139,278
525,532.3256583142874,269.90082175071706,282
498,503.13935737627236,255.68774965532594,264
507,513.1073554608087,278.45864494306414,292
512,524.1880447316089,318.0116791072205,328
523,534.6033686593231,224.81304361337075,238
511,517.0757576740609,162.93478615217174,173
526,532.4557114066739,220.2244676964773,230
502,514.2784168861521,171.06075635706355,177
521,530.5482908076935,192.82394711289578,202
486,493.17332211553065,204.55231110453676,214
491,503.63395739244623,226.0964712509837,233
500,512.8186134073691,211.55755952100392,222
476,485.3794209967987,214.70884749703123,227
486,494.32793749566434,228.0229155796374,235
463,476.97126681621927,220.452983975689,232
462,467.79338546948577,245.38153140512424,254
455,467.42767637190923,237.63882047545326,243
426,439.48306350206724,261.6075448055444,273
435,443.50707462265,263.6482631993125,277
437,442.1129800453676,249.14328659034905,257
428,439.6733485923892,275.1894729076764,287
408,416.14982121435435,238.44934047736922,253
402,407.5377181157031,273.6360963073954,285
402,412.2394633518582,249.10307472127377,258
369,381.3018194890399,269.5351395952831,280
390,395.4746184830441,277.7132170817221,287
363,376.58949851004445,251.87169196613095,257
376,382.55603051790933,272.25111672569057,286
347,354.5289422079286,239.38685833109108,252
341,351.6650651023382,288.07725951155726,294
347,360.2589111769477,250.30440970466205,263
350,360.55102389859144,241.1820685705898,255
356,369.4810119307312,239.04087732482728,246
360,369.9199880921302,203.32497944430588,209
350,358.3263173608386,200.59668506019017,207
370,380.4946044114992,174.07929290542697,188
352,357.2469571624352,153.46526277620939,168
369,374.4004634809426,176.94657298180164,190
394,407.988820477676,169.44626466746172,183
392,398.57419948004014,152.58103700432653,161
406,420.5058354718368,165.81449331196953,177
438,448.53384167625404,169.26241891180916,175
433,447.029557368366,150.67358208080333,156
446,459.36477452356456,158.03173994219344,171
481,492.30988394866756,173.14545194367074,180
495,503.3376708288962,154.92993182008038,162
466,473.9237251616655,151.4806672994881,159
447,458.674730757191,188.91474243336486,196
454,467.5397330578161,200.76914415494488,207
444,452.5006965651907,174.1630137617579,187
420,429.98288980913185,213.3940963316057,221
431,438.982588442364,204.39982146138627,218
399,413.0924649256997,195.77806765505872,203
390,397.1669400196317,224.06692479001185,233
388,396.5205687411699,189.84167083234348,199
377,390.09238941305415,214.8166150297816,221
397,406.11514299513004,219.70299034673752,230
419,425.3309097202441,181.46356538702574,194
474,484.24401972873477,221.46120038672,229
540,551.9623387137005,216.68408620276944,230
534,543.5807377030868,225.81760467096078,239
534,546.3163663079213,187.41930130211486,193
546,558.2212643453742,249.228704886751,261
529,542.0254635738532,299.5786383292373,307
535,548.3410115261129,256.89019953613786,267
537,548.1157237687314,184.9211752524289,199
530,536.3652525276877,314.810401919209,322
549,563.8793467027584,243.27331478562076,249
540,547.3239025190012,167.65600356746677,178
526,538.8871589614437,150.8149923232962,159
523,531.0431483430468,158.84218587895467,164
424,430.4153381442383,142.52599318289177,154
242,254.1225901900305,222.79535584789414,228
228,233.93595120547607,191.82582726623525,199
264,270.62437725719536,154.87720239441862,166
245,251.50313939428418,234.21687120967658,245
234,242.1226883767044,264.7690591256785,278
249,260.7109331248202,331.7953551599545,344
215,225.49593269624728,280.22130066722036,292
244,252.50475521271045,281.51366976630294,294
229,237.69230157771133,314.14344815884965,322
249,257.2238667006109,297.70056373397847,309
220,233.55080810271653,328.16910022961645,337
222,232.01713992024725,273.5140356003855,283
234,247.2288052083319,327.27927046239756,335
212,217.19974496895776,284.03723148980134,292
223,229.90270654816368,310.2945367181529,317
196,201.82599207772702,277.53102763519354,291
221,226.76250233499692,326.9417031076921,336
197,206.09267879364208,303.97192128997443,312
224,238.4477439648571,310.57624685969176,320
195,200.20221173875854,318.6446104785425,332
189,202.53902736176394,258.048155607168,272
204,215.50847714460747,212.93358733433536,227
200,213.50695890914096,264.0831741129365,270
193,204.86939666799682,208.22592469797502,218
207,219.34012239415597,220.19057616286756,233
199,204.28204211496285,190.26987308868166,202
225,235.826509997702,170.70556467383975,179
210,220.18907280845906,171.6786379711659,185
227,234.3741995647082,153.99034594219924,159
222,231.92309009146504,167.38698078448357,177
246,256.30948698828723,139.1046018284506,149
240,250.5404944402573,170.44208345309826,179
246,256.7385596416234,149.85755799454498,164
233,246.2187431946556,192.74336620894715,199
270,283.7596245477243,181.9618954210499,194
243,250.50471192880948,182.67398155552746,189
308,313.91112885037717,143.84537463810216,153
345,353.46081923339125,136.4555553255787,149
376,384.04871307464157,142.8669832116866,150
439,449.9616359253958,144.73782761839038,150
436,444.1290496460201,157.99219568275564,164
397,408.93287828932534,158.54467841995105,168
290,298.1698780500283,170.56827526639438,185
248,259.67483426008334,231.8400803445627,238
202,211.38374041283194,286.2264851711565,296
198,204.586211777557,236.550109191851,245
194,201.03626751711124,233.26919031614514,241
188,196.9765705846282,285.6454901393341,299
196,203.77302483260098,317.69342111087326,324
181,190.3387969224461,252.42127872683676,260
190,195.6165817398627,219.17375409279097,232
194,200.93276937369563,181.08433798870854,189
180,189.40810832403758,288.53386698317206,300
196,205.89391261216824,322.5082261610307,328
241,250.08643997501247,333.16907855895334,348
271,283.2134257885228,337.548174875737,350
332,338.25616300200164,343.56447036899596,353
363,371.30925583476585,333.5712366608414,347
418,431.7834746831184,336.03598851602874,347
454,463.52571364610986,329.3210727625409,342
506,520.1871114062883,319.9100069594247,330
530,538.3869233719283,302.5548567017816,314
544,554.1849246404067,255.7068754034432,270
545,552.8825377168199,232.39827700371936,242
182,189.33496195660774,235.67119744018885,242
184,196.22796165980841,202.58202830383527,213
192,199.41808585240855,178.4316276925844,185
207,217.6081509993323,147.6175548225034,162
238,248.17218839799338,135.6862407963401,149
183,197.68270373662529,283.6015367599816,290
181,189.2153166458186,243.99881325926444,257